64
0.0424119 0.329326 -0.112992 0.063407 0.221238 -0.0879112 0.134106 -0.141316 -0.150089 0.068827 0.482483 -0.0423411 0.127842 0.224408 -0.267633 -0.265823 0.0615062 0.325494 -0.39712 0.50736 -0.163447 0.0372751 0.151364 -0.440714 0.148214 0.149332 0.0805092 0.414979 0.335765 0.252909 -0.198996 0.0407217 -0.118161 -0.0209529 -0.481218 -0.320427 0.157938 0.561336 0.0522559 -0.299777 -0.0263423 -0.33735 -0.0955234 -0.517811 -0.129228 -0.599154 0.00259999 0.265872 -0.704067 -0.00653683 -0.161799 -0.489661 0.316501 0.278262 0.219566 0.208791 -0.258728 0.308641 0.460782 -0.383421 0.206838 0.130258 0.0408692 -0.0681169 
0.0225593 0.0926271 0.0796639 -0.418803 0.251894 0.159696 0.7123 0.474819 -0.339219 -0.256627 0.274895 -0.379904 -0.163672 0.437468 0.0210401 0.890384 0.550989 0.0697349 -0.0204913 -0.403729 -0.132149 -0.326013 -0.120964 -0.342381 -0.549668 0.24441 0.234424 0.208063 0.317488 -0.241504 -0.4328 0.224131 0.384349 -0.246518 -0.257097 -0.077577 0.455509 -0.0176333 0.660543 -0.166883 -0.735343 -0.175269 -0.0960238 -0.230596 0.117364 -0.135172 0.0935485 0.172808 -0.264913 0.0438507 0.0260769 0.717302 -0.38847 0.0491498 -0.556179 -0.16998 0.22859 0.00254425 0.124685 -0.134561 0.0138453 -0.250457 -0.155288 -0.126441 
5.85647e-05 -0.253255 0.350395 0.201563 -0.225586 0.19294 0.0445495 0.199773 0.210648 -0.318899 -0.424094 0.063984 -0.160424 0.225418 0.290928 0.594677 0.260806 -0.13828 0.122269 -0.377556 -0.274139 -0.10614 -0.294632 -0.0249753 -0.663583 -0.190149 -0.300053 -0.162194 -0.489165 -0.0137325 0.306928 -0.0704496 0.158075 0.0612123 0.241642 -0.0205553 -0.26368 -0.53241 0.479494 -0.0218692 -0.231338 0.338717 -0.00146453 0.738058 0.123989 0.586154 0.107094 -0.0939575 0.570177 0.0316085 -0.0707391 0.398041 -0.822413 0.0839855 -0.279792 -0.328504 0.307974 -0.242015 -0.422964 0.508752 -0.29579 0.175277 -0.185708 0.327511 
-0.200586 -0.307058 0.086753 0.00200499 0.257441 0.115417 0.354965 0.238337 0.121442 -0.219927 0.327802 -0.219748 0.0774515 0.478674 -0.405101 0.12708 0.353861 0.348838 0.055759 -0.167547 0.0293152 -0.359604 -0.172097 -0.280673 0.0649917 -0.0422319 0.199808 0.202594 0.63641 -0.0304749 -0.119186 -0.539582 -0.322145 0.103577 0.175064 -0.202281 0.124249 0.102463 0.0540337 -0.139202 -0.148567 -0.442977 0.179826 -0.386631 -0.333225 0.104811 0.332283 0.345139 -0.104504 -0.125325 -0.198713 0.159659 -0.248532 -0.0230492 -0.0798649 -0.00538675 -0.186108 0.530486 0.0654441 -0.383556 0.0852659 0.062677 0.176042 -0.291542 
0.428045 0.30152 -0.236282 -0.271759 -0.136294 -0.237845 0.295266 0.121475 0.078009 0.141465 -0.112097 -0.166437 -0.264944 -0.365414 -0.162936 0.332374 -0.0716509 -0.778332 0.327044 -0.0598905 -0.149606 0.0607716 0.0522519 0.136135 -0.191107 0.0877777 -0.0212877 0.0171285 -0.312559 -0.163376 -0.145361 0.712657 0.400981 -0.344112 0.0597974 0.159909 0.52157 0.118797 -0.0391644 0.0668439 -0.308917 0.322945 0.227814 0.19425 0.385833 -0.604084 -0.0537699 0.129026 -0.0469212 0.0849784 0.437176 0.106576 0.0637231 0.0670629 -0.392348 -0.0958571 0.20536 -0.566329 0.29708 0.171959 0.0986379 -0.268052 -0.332273 -0.271393 
-0.218523 -0.0506461 0.167625 0.108015 0.115196 -0.0265115 -0.0916351 -0.270384 0.469227 -0.189908 0.0605517 0.0376732 0.107524 0.191338 0.208656 -0.30119 -0.0727999 0.144805 0.0141403 0.0866163 0.149624 -0.238464 -0.0202374 -0.0757986 0.482764 -0.360032 -0.152275 0.365514 0.0653292 0.0109368 0.0055225 -0.313579 -0.150811 -0.0359508 -0.193191 -0.0338547 -0.10305 0.332444 -0.286766 -0.201843 0.440024 -0.25454 0.180615 0.0543875 -0.1974 0.447595 0.157814 -0.114541 -0.199741 -0.152802 -0.338225 -0.0260461 0.236294 -0.0107944 0.0997793 -0.153132 -0.158396 0.350037 -0.180116 -0.0979777 -0.0960096 0.0438739 0.221261 0.0909367 
-0.186794 -0.0777083 -0.114971 -0.311057 0.0316516 -0.0839305 -0.113477 0.221412 -0.0853609 0.112476 0.185652 -0.0537114 -0.00808565 -0.301596 -0.218087 -0.0922896 0.0656355 -0.0419202 -0.145767 0.0166234 -0.149275 0.306119 -0.160361 0.154677 0.0414145 0.161128 -0.065967 -0.17527 0.0837124 -0.0215521 -0.0833054 0.32192 -0.0654253 0.081673 0.166578 -0.229754 -0.18336 -0.052366 0.0952437 0.0984383 -0.00368291 0.00583329 -0.0184849 0.0560149 0.147311 -0.242228 -0.0579213 -0.144504 0.151665 -0.0244584 -0.378994 0.0927384 -0.0968601 0.0632677 0.340257 0.210367 0.253606 -0.344656 0.00402046 0.447446 0.202787 0.101602 -0.108457 0.129085 
-0.358049 -0.0994143 0.260693 0.08324 0.269664 0.151431 -0.0559533 -0.414601 0.198402 -0.415795 0.17439 0.102468 0.54644 0.524904 0.268433 -0.0926174 0.349175 0.261944 0.00852053 -0.113117 0.231439 -0.0572438 -0.304428 0.0301036 0.665771 0.0484595 -0.141888 0.399461 0.450172 -0.255582 -0.221724 -0.44875 -0.143889 -0.196008 -0.265184 -0.182233 -0.0117237 0.338634 0.225737 -0.20045 0.0455172 -0.195151 0.0110483 -0.33104 -0.599088 0.190008 0.138334 -0.0472798 -0.0930869 -0.348097 -0.270454 0.136741 -0.0139726 -0.113634 0.333609 -0.0441571 -0.375103 0.0370335 -0.293204 -0.0606424 -0.0726425 -0.327337 0.363259 0.275744 
0.111059 -0.0298631 -0.175575 -0.218959 0.0242015 -0.407365 0.131894 -0.0162246 -0.0985533 0.0596095 -0.137199 0.0749571 -0.0897504 -0.345877 0.31454 0.262855 0.0472462 -0.229472 0.113354 -0.0880336 0.399258 0.340064 0.241471 0.20284 -0.236238 0.0408876 -0.130295 -0.399654 -0.0943045 -0.224532 0.0366618 0.216132 0.040278 -0.234039 0.0648588 0.218881 -0.0726479 -0.404052 -0.258895 0.0822526 0.296442 0.440601 -0.000187623 -0.00324358 0.0797086 0.115261 -0.0213058 -0.0899255 0.319882 0.106256 0.228147 0.280762 0.141101 -0.391888 -0.0187216 0.312433 0.263146 -0.412023 -0.147378 -0.0445563 0.0188124 -0.233218 -0.151728 -0.261163 
0.0380894 -0.0157134 -0.160643 -0.273812 -0.185463 -0.0155365 0.324074 0.654293 -0.474638 0.402604 0.0184077 -0.25175 -0.612143 -0.507618 -0.605686 -0.201318 -0.175442 0.0223563 -0.150037 0.186511 -0.190187 0.041318 -0.0190033 -0.189957 -0.665126 0.306045 0.381049 -0.496151 0.11604 -0.0569814 -0.0112323 0.0886611 0.0819961 0.281696 0.427823 0.442953 0.0856675 -0.125567 0.131646 0.682708 -0.133892 -0.413313 -0.0194391 0.166063 0.329922 -0.468736 0.0502725 0.112181 -0.0751243 0.344647 0.134868 -0.306737 -0.294945 0.34424 -0.0968359 0.395832 0.164502 0.219554 0.299707 0.128469 -0.00879263 0.447263 -0.243259 -0.336392 
-0.116632 0.228167 -0.336228 0.101855 0.385323 0.0677804 -0.787387 -0.516162 0.248201 0.34228 0.577719 0.133278 0.58292 0.154248 -0.395262 -1.14289 -0.031859 0.585533 -0.665791 0.632105 0.241758 0.0271488 -0.0815754 -0.218552 1.03077 0.16197 -0.0673642 0.137361 0.154587 0.873796 -0.0582878 0.121641 -0.248342 0.179235 -0.346489 -0.37448 0.138964 0.783084 -0.396626 -0.512088 0.412177 -0.393289 -0.129207 -0.658743 -0.429418 -0.283503 -0.310015 0.249938 -0.43774 -0.298603 -0.101996 -1.15736 0.675003 0.0236994 1.02927 0.367496 -0.656583 0.308399 0.457414 -0.599068 0.0812238 0.0695296 0.194421 0.149003 
-0.428399 -0.413603 0.465653 -0.018768 -0.105536 -0.0620591 0.52521 0.386591 -0.105119 -0.268808 -0.46905 -0.130518 -0.437579 0.15021 0.270452 0.73243 0.151276 -0.0411574 0.168023 -0.591239 0.0317876 -0.133207 0.118464 0.0724856 -0.690222 -0.0564409 -0.102239 -0.0689016 0.0297361 -0.479881 0.150007 -0.53346 0.00090281 0.20634 0.127743 0.138006 -0.298399 -0.603218 0.442806 0.296872 -0.185561 0.0882735 -0.0250988 0.476805 0.2033 0.51452 0.181077 -0.345587 0.43145 0.190502 0.119966 0.848135 -0.524355 -0.0216284 -0.755604 -0.10876 0.637118 -0.106232 -0.350592 0.180449 -0.239878 0.1822 0.0281073 0.0640526 
-0.0330948 -0.0245175 -0.14901 -0.293648 -0.0996643 -0.115578 -0.16792 -0.0472447 -0.0644627 0.437296 -0.548777 0.125395 -0.0294519 -0.881364 -0.00900625 -0.301456 -0.376337 -0.237188 0.0321183 -0.0995142 0.0246894 0.23182 0.291186 0.542811 -0.0443368 0.241279 -0.146284 -0.556124 -0.148338 -0.123426 -0.0479152 0.451915 0.0178852 -0.167915 0.538294 0.0574001 -0.0580212 -0.302871 -0.394293 0.360536 0.172329 0.358526 0.257076 -0.054717 0.241504 0.0786322 -0.089054 -0.223126 0.368 0.241596 0.0746949 0.0172004 0.110982 -0.134118 0.139287 0.345134 0.52881 -0.424163 0.0190809 0.257546 0.0124851 0.0711783 -0.15666 -0.224494 
-0.272336 0.103118 0.387435 0.119795 0.106731 0.149463 0.475351 -0.105191 0.0619224 -0.407038 -0.246055 -0.0623853 0.0915627 0.432653 0.591678 0.59897 0.211868 0.00556747 0.400044 -0.405333 -0.142676 -0.422752 0.0543543 -0.20739 -0.149416 -0.242875 0.0169658 0.254221 -0.103724 -0.255185 -0.143469 -0.294274 -0.183013 -0.072215 -0.137321 -0.211736 -0.223515 -0.0967962 0.28422 -0.0164924 -0.0717871 -0.0228001 -0.021167 0.165242 0.0272709 0.400102 0.344982 -0.0318432 0.258847 0.0367448 -0.391139 0.409772 -0.335618 0.0541369 -0.19554 -0.374975 0.0330402 0.0449974 -0.373594 0.285026 -0.097988 -0.121786 -0.0814734 0.124484 
-0.101926 0.0506222 0.217065 -0.00905678 0.0293562 -0.0604201 -0.0993516 -0.193973 0.120318 -0.00453842 0.0914126 0.212418 0.124926 -0.0537434 0.101423 -0.15466 0.0523743 -0.07348 -0.15714 0.0980419 0.0655538 0.0602676 -0.363718 -0.205352 0.181779 -0.0136712 -0.136407 -0.0885722 0.0900504 0.121131 -0.0303497 0.3432 0.0016878 0.0567591 0.0518105 -0.0866048 -0.0760487 0.0807209 0.143283 -0.0208127 -0.189809 0.199038 -0.0261406 0.0101396 -0.261347 -0.130366 -0.0106295 0.162058 0.00989797 -0.334608 0.164526 -0.147072 0.140928 -0.0895366 0.2846 0.23954 0.0752768 -0.320183 0.0392936 0.0768891 -0.182037 -0.0864763 -0.0395767 0.0797381 
0.0292177 0.344169 -0.0965857 0.0794659 0.119562 0.0512798 0.538979 0.33423 -0.132666 -0.0550816 0.0983295 -0.276325 -0.195543 0.0419572 -0.0659643 0.194437 -0.17363 0.0831839 0.0859827 0.227629 -0.304714 -0.0707487 0.163002 -0.471126 -0.713664 -0.0679301 0.149924 -0.221978 -0.125508 0.181168 -0.150712 -0.0926734 0.187822 0.33098 0.0322462 0.155151 -0.200677 -0.281592 0.162192 -0.0582964 -0.113322 -0.153944 -0.208095 0.339825 0.350621 0.00789657 0.0635998 -0.199448 -0.0298141 0.391778 -0.00699969 -0.0349632 -0.360612 0.0272588 -0.279808 -0.123988 -0.059169 0.372208 0.154873 0.00774256 0.0399948 0.28728 -0.199489 -0.0125344 
-0.155794 -0.151013 0.0662906 0.294008 0.411858 0.465012 0.908449 -0.0334812 -0.218367 -0.55599 0.60936 -0.237067 0.738279 1.51692 0.331102 1.20251 0.854677 0.894691 0.374356 -0.38873 -0.141144 -0.720046 -0.0768261 -0.632867 -0.00330419 -0.0264286 0.532861 1.07052 0.796374 -0.0632912 -0.205189 -0.859388 -0.419118 -0.4707 -0.277152 -0.528784 0.380159 -0.0682229 0.526705 -0.488772 -0.768917 -0.423662 -0.0422578 -1.03882 -0.254516 0.381474 0.444539 0.461483 -0.264197 -0.17027 -0.733419 0.753016 -0.483882 -0.209894 -0.533603 -0.651257 -0.847079 0.41505 -0.237715 -0.780764 -0.19677 -0.306957 0.206387 0.120253 
0.172237 0.192999 0.162012 0.276686 -0.209082 0.0309917 -0.0340211 0.112465 0.14299 -0.0442511 -0.199474 -0.125319 0.000831471 -0.102347 0.184866 0.180204 -0.179634 -0.152991 0.232108 -0.0329737 -0.226468 0.109661 -0.0400168 0.0270686 -0.393524 -0.2865 -0.0403794 0.0671811 -0.35415 -0.0354744 0.245119 0.0796471 0.151097 0.133895 0.108675 -0.00267168 -0.319568 -0.298739 -0.0547821 0.0285105 -0.197555 0.037623 0.0937828 0.276811 0.128675 0.070514 0.10529 0.0444355 0.256326 0.172612 0.303034 0.0822898 -0.325681 0.21113 -0.188544 -0.288632 -0.00145505 -0.234605 -0.0860308 0.0515079 -0.105172 0.212739 -0.0445201 -0.0217262 
0.312319 0.192703 -0.165121 -0.26476 -0.503408 -0.115236 -0.0253521 0.342923 -0.152743 0.442083 -0.0766774 -0.335019 -0.293328 -0.574168 -0.479002 0.0444975 -0.233985 -0.456405 0.09491 0.00683039 -0.496629 0.296043 -0.141254 0.115303 -0.660665 0.0961152 0.058889 -0.778748 -0.439175 -0.201583 0.193273 0.63849 0.415286 0.21243 0.571001 0.408898 0.00760796 -0.340536 0.0577128 0.565704 -0.431555 0.255855 0.0434156 0.565385 0.425025 -0.702295 -0.138375 0.210032 0.196373 0.452721 0.544819 -0.1899 -0.173163 0.197038 -0.288648 0.160721 0.393854 -0.416846 0.35371 0.321986 0.244777 0.178456 -0.507114 -0.0789671 
0.0131154 -0.113452 -0.302044 -0.177549 0.0571192 -0.0347487 -0.238071 -0.0231378 -0.155844 -0.0197405 0.146771 0.186514 0.146778 0.0274162 -0.132024 -0.0842659 0.083663 0.0800269 -0.314179 -0.0333987 0.179921 0.0355547 -0.195049 0.173187 0.409069 0.0930665 0.0373382 0.0508719 0.152965 0.211423 0.067807 0.209362 0.0512324 -0.153764 -0.0141001 0.0767606 -0.0391156 0.156693 -0.158969 0.193397 0.219791 -0.0171944 -0.0804074 -0.303335 -0.334726 -0.0777786 -0.031576 0.0569102 -0.0253781 -0.201922 0.022862 -0.226116 0.210579 0.0092312 0.2937 0.0483174 -0.298638 0.0225726 0.0954005 -0.129638 0.0918866 0.0632276 -0.0151922 0.0771567 
0.0425066 0.074044 -0.337601 -0.382661 -0.0512736 -0.43736 -0.622241 -0.152093 -0.0839777 0.154374 -0.014088 0.315839 -0.24133 -0.444402 -0.129283 -0.906857 -0.299219 -0.209616 -0.305882 0.452215 0.551103 0.323827 -0.0032288 0.359821 0.612681 0.0479696 -0.177268 -0.230547 -0.0530777 0.118842 0.10112 0.609327 -0.143611 0.00282318 0.00638403 0.219194 0.0370871 0.456012 -0.559233 0.140136 0.680012 -0.0826701 0.0167523 -0.310254 -0.268844 -0.233969 -0.129279 -0.0433629 -0.0454431 -0.0233478 0.343584 -0.603891 0.693007 -0.308973 0.683917 0.600426 -0.131774 -0.0658269 0.284405 -0.0253734 0.0896799 0.113171 0.223634 -0.262933 
0.588104 -0.0775586 -0.0335755 0.0557463 -0.274887 -0.147084 -0.136974 0.027626 0.297031 -0.324405 -0.309249 0.0718793 -0.214152 -0.134924 0.257843 0.0548061 -0.0373863 -0.460469 0.190526 -0.279554 0.17159 0.164758 0.0529808 0.410029 0.207545 -0.12389 -0.186428 -0.0276742 -0.568534 -0.0869359 0.342823 0.0443546 0.270088 -0.285301 -0.0791173 0.239025 -0.0409432 0.0930929 0.0341979 -0.13914 0.251778 0.380911 0.228748 0.155868 0.0470953 0.280016 -0.0857479 -0.129818 0.0996465 -0.0941173 0.618797 0.158629 0.216352 -0.293184 -0.402864 -0.28494 0.00457113 -0.14601 -0.0901477 -0.0220182 -0.270327 -0.28199 0.107303 0.0347724 
0.0890847 0.308525 -0.178035 0.355525 0.223739 0.17644 0.604933 0.0653937 -0.0751925 -0.0926877 0.405848 -0.521295 0.27034 0.331977 -0.17167 -0.0337748 0.0154533 0.368005 -0.131734 0.177155 -0.0450374 -0.48241 0.154766 -0.571115 -0.230812 -0.289807 0.26968 0.0362413 0.0689008 0.548292 -0.243943 -0.142871 -0.0245257 0.190729 -0.222469 -0.0671792 0.198217 0.518803 0.101045 -0.263414 -0.144317 -0.726709 -0.0761885 -0.0629659 0.259328 -0.216226 0.259381 0.187919 -0.575019 -0.00276448 -0.308071 -0.182554 -0.0514882 0.268408 -0.129144 -0.313827 -0.352343 0.647905 0.262786 -0.505584 0.0866687 0.345705 -0.042059 -0.0873539 
0.225291 -0.10525 0.0783169 -0.413642 -0.448366 -0.208034 0.226304 0.686136 -0.180212 -0.0129276 -0.76922 -0.0504306 -0.838083 -0.70164 0.10588 0.610122 0.00486698 -0.660927 0.324891 -0.401593 -0.288455 0.467768 -0.166292 0.446586 -1.13243 0.00077238 -0.125237 -0.856762 -0.599723 -0.579199 -0.0214678 0.445018 0.459008 0.206311 0.685939 0.586553 -0.173682 -0.842195 0.239618 0.497578 -0.413224 0.547468 0.00249984 1.2691 0.676826 0.0550076 -0.184497 -0.259338 0.68379 0.261384 0.587083 0.446895 -0.688955 0.0923228 -0.488195 0.0361467 1.12662 -0.73294 -0.18787 0.856982 -0.255051 0.193762 -0.543944 0.0930602 
0.0850096 0.0413861 -0.103774 -0.338398 -0.0428513 -0.365982 -0.486114 0.0704566 0.0195393 -0.0109374 -0.239594 0.141393 -0.46774 -0.567612 -0.094657 -0.530699 -0.189643 -0.164406 0.0176412 0.104263 0.226587 0.379153 -0.221141 0.392986 0.244514 0.0990149 -0.178141 -0.324711 0.0052536 -0.210768 -0.251115 0.317215 0.0691879 -0.18863 0.178636 0.234447 -0.336415 -0.189096 -0.251059 0.364841 0.286273 0.258801 0.0898748 0.142111 -0.0838028 0.0684674 0.0120205 -0.202857 0.301011 0.132059 0.231467 0.0708511 0.38423 -0.0826186 0.229999 0.415905 0.495567 -0.329218 -0.0940534 0.508143 -0.156751 0.0579661 0.0349195 -0.182227 
0.277633 -0.061973 0.256738 -0.0663344 -0.13687 -0.253955 0.161299 0.349662 0.15249 0.0219207 -0.702847 0.0286371 -0.510838 -0.297745 0.455889 0.432334 0.0560463 -0.302269 0.237787 -0.386966 -0.263739 0.154044 0.133404 0.345532 -0.870516 -0.164666 -0.000260987 -0.340485 -0.734047 -0.0392312 0.187357 -0.0259463 0.457203 0.0228506 0.292867 0.278386 -0.205154 -0.631431 0.143557 0.107082 -0.273912 0.308297 0.124082 0.553204 0.321697 0.40414 0.0382535 -0.316965 0.516382 0.192609 0.30113 0.309486 -0.440353 -0.0680442 -0.580668 -0.106618 0.547325 -0.416149 -0.304069 0.304065 -0.231287 0.0690867 -0.087884 0.219106 
0.0536074 -0.0298723 -0.03202 0.252631 -0.0450426 0.164722 -0.00184255 0.242311 0.0616813 0.0250473 -0.113528 -0.183129 -0.228476 -0.137282 0.0164274 -0.0255836 -0.162444 0.108767 -0.0451571 0.0331535 -0.158324 -0.0381998 -0.242151 0.057799 -0.282135 -0.101872 -0.0494852 -0.20991 -0.416384 0.149406 0.195932 -0.236128 0.137331 0.191354 0.0315939 0.0996913 -0.119084 0.055858 0.0340625 -0.105519 -0.124461 0.00643341 -0.105504 0.498061 0.0703821 0.203885 -0.0992343 -0.216874 0.103017 0.0545367 0.211518 -0.199144 -0.182368 0.114068 -0.222294 -0.176673 0.218403 0.255389 0.0545318 0.175364 -0.163391 0.255179 0.121228 0.309124 
-0.0699233 -0.269382 -0.0318643 0.0375858 -0.22592 0.103525 0.440392 0.0183417 -0.353156 0.158858 0.129683 -0.149572 0.182638 0.149337 -0.0130041 0.486496 0.0206831 -0.0373986 0.215052 -0.406469 -0.183715 -0.295499 0.173408 -0.371366 -0.440953 0.212601 0.184114 -0.0413443 0.176025 -0.0884237 -0.0184408 -0.222448 0.091505 0.0609102 0.0796999 -0.0636627 0.505419 -0.0461174 0.294096 0.228307 -0.194542 -0.10788 -0.0567233 0.0429622 0.132583 -0.221642 0.0602448 0.396996 -0.151018 0.0615726 0.0371449 0.269303 -0.286131 0.445299 -0.348907 -0.105924 -0.222508 0.0172626 -0.0281204 -0.134894 0.153348 0.0195481 -0.19158 -0.0852203 
0.267571 0.189043 -0.143619 0.182392 -0.195181 0.157706 -0.041861 -0.198966 0.0209807 0.181831 -0.0195529 -0.0375038 -0.187918 -0.395607 -0.119188 -0.0691239 -0.333011 -0.371864 -0.0116945 0.138258 -0.0143259 -0.0924195 0.0837818 -0.109533 -0.286404 -0.0887603 0.0874349 -0.189759 -0.314397 0.141504 0.14385 0.340822 -0.0286582 0.132023 0.0278231 0.197136 0.0969345 0.101376 -0.196137 0.131132 0.0945883 0.0755127 -0.154128 0.26226 0.287609 -0.13572 0.0280183 -0.0463397 -0.0759899 0.202773 0.231 -0.378876 0.0466971 0.146121 -0.0140182 0.040616 -0.0361708 -0.0286081 0.140122 0.244985 0.0175609 0.111484 -0.0968006 0.0430233 
0.195028 -0.00636275 -0.123452 -0.239408 -0.234337 -0.24217 0.0680629 0.691223 -0.352316 0.438406 -0.257084 -0.331772 -0.38725 -0.515326 -0.542606 -0.0163666 -0.28203 -0.245404 0.0242915 -0.0406993 -0.140453 0.329676 0.202962 -0.100018 -0.333454 0.0905484 0.130252 -0.752507 0.00652836 -0.144349 -0.103424 0.344177 0.333091 0.249981 0.61794 0.309595 0.112808 -0.313246 -0.110945 0.158875 -0.138891 0.101601 0.207498 0.159926 0.214471 -0.564926 -0.150546 0.051522 0.233578 0.3808 0.636304 -0.0348643 -0.257367 0.126982 -0.295749 0.497171 0.561274 -0.351589 0.308591 0.0647139 0.181441 0.247505 -0.300313 -0.454143 
-0.0767773 -0.326696 0.144441 0.232342 0.176965 0.115923 0.252507 -0.0873778 0.070539 -0.289482 0.19249 -0.0878311 0.118746 0.520638 0.252479 0.429631 0.364334 0.117885 0.150774 -0.307685 0.206968 -0.355601 0.303083 0.0275387 0.411417 -0.00632263 0.184482 0.755127 0.488167 -0.0639614 -0.0225978 -0.461179 -0.120384 -0.413662 -0.38807 -0.239027 0.442443 0.0221081 0.27545 -0.286772 -0.0731534 -0.215688 0.0526389 -0.570997 -0.339686 0.354616 -0.125621 0.0688936 -0.176975 -0.269028 -0.212936 0.489045 0.0147166 -0.363866 -0.196146 -0.293727 -0.293256 0.21433 -0.157581 -0.524807 -0.0321145 -0.515766 0.289445 0.226134 
-0.140672 -0.180441 0.148434 -0.0879408 -0.133696 0.0111613 -0.132847 0.136137 -0.212899 0.0421059 -0.339686 0.0803514 0.0977562 -0.210668 -0.0675912 0.151301 0.101697 0.0169825 -0.00547847 -0.0126118 -0.0886096 0.142573 -0.0100346 0.136729 -0.459665 -0.0865827 -0.0243851 -0.532711 -0.288925 0.171097 -0.0191199 -0.0836722 0.041946 0.197438 0.14472 -0.0188543 -0.184676 -0.171549 0.0103264 0.213875 0.0464236 0.196908 -0.202458 0.423671 0.224254 0.380225 0.0843529 -0.0205546 0.45582 0.0961449 -0.271844 -0.0760225 -0.29865 0.0767508 -0.0504444 0.205534 0.102722 -0.0633581 0.0182861 0.0552693 -0.145208 0.390733 -0.179921 0.258462 
0.182037 0.202656 0.147381 -0.221304 -0.196667 -0.284983 -0.0425267 0.252989 0.113425 0.297016 -0.404427 -0.149662 -0.775727 -0.882317 -0.0620339 -0.243027 -0.616052 -0.612771 0.0964061 0.237899 -0.192466 0.133187 0.331017 0.156702 -0.542942 -0.149698 -0.0675885 -0.734923 -0.472157 0.046482 -0.0510429 0.375814 0.29277 0.0923909 0.514084 0.697526 0.129585 -0.185076 -0.0650337 0.367878 0.153792 0.297868 0.180866 0.55772 0.500575 -0.106698 -0.52393 -0.240882 0.303433 0.247199 0.636248 -0.0788446 -0.000357846 0.103733 -0.45306 0.0595827 0.661554 -0.172972 -0.0260308 0.379946 0.0104965 0.00238906 -0.0579378 -0.255611 
0.153371 -0.000796434 0.151215 0.225602 -0.154268 0.11231 0.173652 -0.10937 -0.0441415 0.0128061 -0.0705238 -0.0977588 -0.122692 0.151381 0.404009 0.360312 -0.0936137 -0.478464 0.179322 -0.198018 -0.0664477 -0.148889 -0.0427093 0.0189142 -0.456334 0.115902 -0.0284658 -0.0779006 -0.439559 0.101115 0.21501 -0.037168 0.200694 0.0117588 -0.238259 0.247119 -0.202693 -0.125013 0.325392 -0.00288786 0.0846255 0.206563 -0.151717 0.661346 0.228212 -0.0095839 -0.115126 -0.176876 -0.144824 -0.089626 0.163211 0.289831 -0.343684 0.158008 -0.22699 -0.332127 0.0780144 -0.0188087 -0.37178 0.199262 -0.0963501 -0.167482 -0.172717 0.601056 
-0.559791 -0.0541809 0.141363 0.222132 0.0563692 0.16142 0.166265 0.387723 -0.18917 -0.0726655 -0.030285 -0.0827426 0.196083 0.278191 -0.387172 -0.0565088 0.284102 0.760221 -0.00725921 -0.261091 -0.197832 -0.403582 0.0903293 -0.106299 -0.173874 -0.216878 0.157754 0.159158 0.480766 -0.0318624 -0.0770163 -0.611573 -0.450436 0.317396 0.378292 -0.252918 -0.208443 0.099841 -0.324578 0.338701 -0.122177 -0.697729 -0.000980622 -0.129485 -0.0626973 0.47625 0.438315 -0.0382483 0.119489 0.271939 -0.683651 -0.0160698 -0.532173 0.109696 0.00361911 0.042614 -0.208613 0.752457 0.0803031 -0.127358 0.0358769 0.651242 0.145749 -0.444251 
0.0709707 0.120327 -0.232615 -0.0354283 0.102398 -0.00911125 -0.146592 0.151826 -0.0172738 0.346417 0.216619 -0.0178522 -0.057822 -0.223991 -0.539821 -0.348747 -0.341099 0.341714 -0.159795 0.5822 -0.106121 0.273234 0.00523129 -0.133918 0.158552 0.0105734 0.118059 0.0406196 0.390292 0.119997 -0.0993996 -0.0451394 -0.237113 0.200005 0.107011 -0.0523143 -0.0698127 0.0596043 -0.298839 0.0996221 0.0496736 -0.360259 -0.169967 -0.472999 -0.017218 -0.411663 0.102771 0.0002107 -0.272694 0.247268 -0.0892865 -0.234996 0.315717 -0.0331717 0.33173 0.362251 0.112994 0.191342 0.213019 -0.0877192 0.215304 0.15942 -0.0948495 -0.431528 
-0.0872191 -0.161845 0.129446 0.192448 0.097051 0.392302 0.0658029 -0.479979 -0.00161186 -0.0962579 0.338213 0.0718838 0.492798 0.471459 0.244319 0.28515 0.260035 0.0964633 -0.204595 -0.11865 0.000860091 -0.175291 -0.304034 -0.0711246 0.446092 0.16844 0.133159 0.294308 0.0410611 0.152422 0.120565 -0.287266 0.00576786 -0.12308 -0.41263 -0.208068 0.196886 0.333187 0.187683 -0.419571 -0.197593 -0.0119328 -0.118607 -0.0983288 -0.277326 -0.0457115 -0.197535 -0.181446 -0.313296 -0.350831 -0.177526 0.159072 0.335615 0.0808755 0.263664 -0.377379 -0.489253 0.170573 -0.120829 -0.146749 -0.170818 -0.266962 0.200276 0.495509 
0.147435 -0.40609 -0.0413143 0.196977 -0.0717112 0.0770948 -0.280302 -0.241588 -0.0130472 0.00574585 -0.208456 0.198921 -0.26785 -0.279331 0.277672 -0.132465 -0.270149 -0.441424 -0.0779188 -0.150266 0.111099 -0.0280858 0.0867481 0.351311 -0.0338238 0.156785 0.126601 -0.241316 -0.395537 0.0571546 0.238228 -0.0339905 0.0813009 -0.00718375 -0.0532458 0.256883 -0.0292826 0.116557 0.0271233 0.268427 0.240851 0.279303 0.129117 0.390571 0.144309 0.174929 -0.470016 -0.345049 0.0228877 -0.118004 0.0961574 -0.0458678 0.306614 -0.00649762 -0.0238436 0.00198287 0.267559 0.0999976 -0.126521 0.0769956 0.0156226 -0.297954 0.0268647 0.255053 
0.0538818 0.0649936 -0.127001 0.0512912 0.343234 0.205563 -0.340891 -0.200365 0.104916 0.066282 0.628638 0.0714661 0.666654 0.512647 -0.335037 -0.36011 0.282225 0.373629 -0.0653409 0.184878 0.0794207 -0.0658416 -0.0597889 -0.259748 0.71114 0.121712 0.165149 0.651989 0.436419 0.157145 0.0236676 -0.0182221 -0.25234 -0.218446 -0.339979 -0.597706 0.479507 0.352302 0.154724 -0.442951 -0.142405 -0.124565 -0.0700767 -0.726044 -0.451061 -0.528601 0.0147697 0.374251 -0.655455 -0.242515 -0.347171 -0.28632 0.221495 0.112611 0.400299 -0.0355717 -0.721422 0.227265 0.123997 -0.38956 0.121786 -0.096215 0.016118 0.0202256 
0.132224 0.163166 -0.15705 -0.0666265 0.062243 0.357499 0.194293 -0.0741048 -0.013291 -0.000248054 0.366298 -0.222271 0.103439 0.206015 0.0970476 0.446791 0.14342 -0.13301 0.0685751 -0.195977 -0.259371 -0.0519116 -0.262075 -0.0398017 -0.2172 0.0202312 -0.0669752 -0.0762103 -0.0990793 -0.0528908 -0.253466 0.0607504 0.237041 -0.0374718 -0.0421543 -0.0894034 0.0874293 -0.12393 0.550912 0.0833781 -0.195523 0.125115 -0.0147163 0.470845 0.225 -0.366852 -0.0344397 -0.0672973 -0.196288 -0.100562 -0.431129 0.338263 -0.263448 0.0906015 -0.208968 -0.495864 0.0558562 -0.107722 0.0334999 0.392257 -0.0358612 -0.252755 -0.219508 0.435362 
0.268849 0.0456484 -0.13755 0.123556 0.0495336 0.153068 -0.166591 -0.884166 0.212133 0.157172 0.0530328 0.296523 0.173331 -0.36173 0.29057 -0.524908 -0.599278 -0.709805 -0.00708354 0.0152561 0.264021 -0.387574 0.356193 0.388839 0.539111 -0.0374341 -0.339512 0.122114 -0.539746 0.235556 0.142458 0.718136 0.239146 -0.265936 -0.244758 0.0627965 0.214448 0.60737 -0.53702 -0.0966486 0.574756 0.437818 0.183149 -0.0377394 0.131276 -0.0662486 -0.496671 -0.136642 -0.197836 -0.271055 0.137144 -0.180499 0.768904 0.0205717 0.226489 -0.16995 -0.240702 -0.138422 -0.0178938 0.180541 -0.0181602 -0.529941 0.0342925 0.108278 
0.287972 -0.0520119 -0.0956497 -0.0795097 0.170171 0.16478 -0.03857 -0.394415 0.280251 0.144938 0.188467 0.236789 0.0145667 -0.350955 0.0582239 -0.286613 -0.256324 -0.649466 -0.0175623 -0.321993 0.202191 -0.351556 -0.133552 0.298003 0.496419 -0.097166 -0.285876 0.00209974 -0.00339676 -0.0498827 0.0499816 0.50921 -0.0404883 -0.27446 0.067912 0.0577039 0.107464 0.377593 -0.33851 0.0690892 0.253737 -0.0378382 0.234608 0.0424657 0.148904 -0.141995 -0.309151 -0.0496263 0.0420003 -0.199615 0.0423315 -0.162012 0.477166 -0.105093 0.275042 -0.0202085 0.130206 -0.0757385 0.0143998 0.15762 0.137011 -0.130527 0.00814616 -0.299269 
0.342758 0.102023 -0.272163 0.0742049 0.0911001 0.0003243 -0.269005 0.116223 0.111235 -0.114275 -0.0729902 -0.0454527 -0.190813 -0.328241 -0.355332 -0.533937 -0.230995 -0.0645619 -0.151514 0.232189 0.19317 0.329819 -0.084461 0.313073 0.165593 -0.227519 -0.0720927 -0.232609 0.0309258 0.227698 0.274925 0.0920695 -0.0263073 0.0110974 0.156783 0.201934 -0.0453361 0.164193 -0.50035 0.0437335 0.403662 0.00595384 0.103574 0.0184393 0.10042 0.0638512 0.053676 0.0297715 0.0575783 0.23972 0.159887 -0.249448 0.273953 -0.489174 -0.0187804 -0.071631 0.0444044 0.0962412 0.152502 -0.27448 -0.106407 0.0087871 0.202592 -0.196962 
0.194395 0.130975 -0.130641 0.436676 0.0709417 0.387214 0.210235 -0.0634071 -0.136553 -0.0731556 0.685099 -0.265367 0.464488 0.704526 0.100023 0.397544 0.324376 0.303221 -0.0122584 0.201483 -0.446991 -0.612252 -0.0100436 -0.581416 -0.238562 0.0869987 0.324013 0.447034 -0.0871469 0.683455 0.216042 -0.299253 0.18274 0.103284 -0.424955 -0.326411 0.413451 0.387963 0.415773 -0.451733 -0.63553 -0.413873 -0.288464 -0.26388 0.0310989 -0.231345 0.249962 0.269271 -0.730521 -0.117537 -0.254824 -0.340558 -0.390034 0.644523 -0.0674238 -0.625219 -0.794298 0.425742 0.247058 -0.470186 0.0181663 0.0537276 -0.0685639 0.407971 
-0.177853 0.0032165 -0.288971 0.0298877 -0.232847 -0.233458 -0.638801 0.280068 -0.0132504 0.109244 -0.379686 0.368803 -0.28696 -0.466513 0.00750096 -0.371682 -2.54912e-05 -0.0960456 -0.16159 0.282837 -0.0577466 0.384733 0.0190507 0.218932 0.302469 0.172033 -0.196357 -0.441919 -0.333906 -0.0233875 -0.104726 0.147311 -0.00857797 0.432049 0.0609569 0.388414 -0.247503 -0.116061 -0.208914 0.12659 0.290914 0.0739571 -0.243548 0.267114 -0.175655 0.00574911 -0.113472 -0.109035 0.345523 0.152116 0.230115 -0.372112 -0.00628272 0.0538123 0.283406 0.208902 0.314728 -0.131949 0.0638271 0.291158 0.0393088 0.102697 0.118352 0.0383159 
-0.535888 0.0675615 0.424106 0.189444 0.0191461 0.00921495 -0.059966 -0.0619043 0.159451 -0.106774 -0.324874 0.19583 0.248227 0.269873 0.0873024 0.0453217 0.130719 0.545099 0.179936 0.030291 -0.188718 -0.155168 0.131847 -0.137017 -0.144221 -0.420094 0.0531797 0.380919 0.206413 -0.0936861 0.096783 -0.639926 -0.223619 -0.014699 0.0150119 -0.248109 -0.434895 -0.204358 -0.0577911 -0.22541 -0.220887 -0.123234 0.168113 -0.0215778 -0.0448875 0.59143 0.279711 -0.083125 0.268147 0.0938796 -0.282661 0.111793 -0.188123 0.000554583 -0.120798 -0.111331 -0.0935258 0.256237 -0.037247 0.0395294 -0.0632774 0.0970541 0.204413 -0.0241564 
0.303925 0.296812 -0.0965337 0.0121343 0.00446123 -0.0882589 -0.454975 -0.175344 0.322877 0.443688 -0.0396082 0.033303 -0.0423716 -0.618497 -0.305975 -0.38033 -0.416797 -0.393803 -0.0146167 0.117997 -0.102354 0.204662 0.0541303 0.303697 0.230577 -0.0956579 -0.26585 -0.202378 -0.275233 0.00565866 0.275376 0.368238 0.161991 0.0487318 0.147193 -0.0778586 0.127207 0.0904933 -0.350883 0.12307 0.234522 0.0914428 0.267874 0.196981 0.37387 -0.27745 -0.273473 -0.173782 -0.101811 0.00680287 2.64917e-06 -0.0139031 0.202237 0.0832264 0.0793606 -0.258849 0.177395 -0.274675 0.0574546 0.266993 0.268219 0.0716112 -0.294985 0.0504418 
-0.143938 -0.106477 0.0960088 -0.0662008 -0.291995 -0.159001 0.0376634 0.101357 -0.403011 0.505788 0.0748308 0.0421248 0.0764272 -0.145585 -0.341519 -0.0875295 -0.324079 0.0574697 0.0441703 -0.114564 -0.117697 -0.0356467 0.332367 0.0851204 -0.35156 0.285582 0.268302 -0.284628 0.0395821 -0.164013 0.0358287 -0.127217 -0.0720268 0.230576 0.105113 0.11924 0.170995 -0.176194 0.0133429 0.445901 -0.0194877 -0.0242332 0.114013 0.0506269 -0.013348 -0.0805999 -0.174961 -0.174215 -0.0670971 -0.109932 -0.0743549 -0.00369623 0.00246919 0.392053 -0.00603917 0.210196 0.138508 -0.0446857 0.0141749 0.153404 0.106188 0.203866 -0.132115 -0.0992146 
-0.330542 -0.148953 -0.0169226 -0.021463 0.380975 0.205701 -0.0376587 -0.248289 -0.0430836 0.0515042 0.644054 -0.137356 0.708936 0.792535 -0.085189 0.116918 0.244859 0.53378 -0.20716 0.0984904 -0.0377921 -0.145506 -0.1433 -0.357047 0.42606 0.360612 0.10113 0.302724 0.568983 0.0644095 -0.189142 -0.121428 -0.390168 0.0451444 -0.316688 -0.669196 0.181805 0.175671 0.371963 -0.342095 -0.310711 -0.289113 -0.219792 -0.489072 -0.193299 -0.327062 0.218336 0.355925 -0.262149 -0.225818 -0.573646 -0.143474 -0.0232777 0.146224 0.314612 -0.0744923 -0.627057 0.261685 0.150573 -0.176035 0.0689628 -0.196234 -0.0541466 0.276207 
0.0973598 0.35984 0.225239 0.403381 -0.363581 0.227036 0.461868 0.159918 0.431975 -0.414908 -0.368443 -0.303739 -0.123152 0.455666 0.495981 0.867999 0.187583 -0.180299 0.52495 -0.176406 -0.388026 0.0421253 -0.173461 -0.190467 -0.896807 -0.669813 -0.32884 -0.0942812 -0.565722 0.0106939 0.0305699 -0.305022 0.246656 0.0816277 -0.0550294 0.062227 -0.399308 -0.479131 0.523088 -0.212173 -0.447564 0.428203 -0.153568 0.796048 0.603619 0.447395 0.229746 0.0848803 0.255376 0.317341 -0.145069 0.543736 -0.67332 0.127415 -0.815104 -0.798249 0.0178502 -0.170448 -0.163525 0.316407 -0.188319 0.054078 -0.298497 0.464141 
0.28381 -0.0140314 -0.174999 -0.0671482 -0.116798 -0.229281 -0.141912 -0.116542 0.0783108 0.0754044 -0.272924 0.29563 -0.467603 -0.521629 0.275026 0.102145 -0.402407 -0.407094 0.261131 0.0216062 0.207197 0.366703 0.180598 0.573516 0.0571 -0.011971 -0.202916 -0.252869 -0.409068 -0.201348 0.0213837 0.522909 0.159847 -0.249648 0.0926368 0.16025 -0.0517861 -0.410215 -0.202953 0.0547593 0.437511 0.545214 -0.0153997 0.163069 0.34942 0.0862286 -0.229936 -0.308631 0.304189 0.29817 0.373986 0.250625 0.13843 -0.294918 -0.19779 -0.222643 0.417665 -0.448399 -0.185586 0.248951 0.0729151 -0.519949 -0.0195873 -0.157953 
-0.256772 -0.0932372 0.0864527 -0.235724 -0.0380098 -0.260329 0.263015 0.139849 -0.143772 0.154123 -0.086043 -0.153641 -0.0536311 0.188115 -0.328162 0.114689 0.173833 0.224805 -0.0607262 0.0609476 -0.0716966 -0.0580424 0.143441 -0.17499 -0.0473864 0.0675023 0.297158 0.151732 0.51064 -0.226173 -0.0160723 -0.397831 -0.130709 0.221454 0.223527 -0.106695 -0.0111216 -0.0550944 0.0862082 0.16346 -0.219751 -0.33939 0.0239255 -0.233538 -0.149013 0.0286498 0.183511 0.37752 0.101829 -0.047069 -0.230192 -0.052717 -0.265103 0.19395 0.0312431 0.396949 0.0165713 0.143695 -0.158057 -0.284005 0.155868 0.10231 0.151545 -0.277942 
-0.00833331 0.0725572 -0.018348 -0.0704155 0.312923 -0.0609696 -0.011172 -0.781523 -0.094331 0.235251 0.408708 0.148813 0.768067 0.210741 0.0636998 -0.245249 -0.142611 0.178177 -0.220427 0.243126 0.306887 -0.0639183 0.190081 -0.249803 0.730446 0.180184 -0.106659 0.430746 0.0993643 0.241557 -0.0330356 0.200779 -0.195368 -0.234409 -0.618664 -0.339751 0.125243 0.419584 -0.171785 -0.31345 0.149318 0.171425 -0.0254597 -0.832578 -0.237925 -0.298843 -0.125254 0.247406 -0.49073 -0.120069 -0.119804 -0.379199 0.578634 -0.0425586 0.560999 0.150193 -0.622079 0.10628 0.139109 -0.275709 0.0856998 -0.346698 0.209328 0.0126449 
0.0342071 -0.0910595 -0.233981 -0.217648 0.154688 -0.292009 -0.685614 0.453183 -0.137096 0.136997 -0.147098 0.0871441 -0.240801 -0.388347 -0.693607 -1.0575 0.0339535 0.506357 -0.540301 0.61462 0.331954 0.325085 0.0697358 0.281712 0.6055 -0.00571549 0.00567485 0.0381608 0.413714 -0.00832092 -0.134316 -0.030219 -0.345973 0.0440174 0.182534 0.109674 0.0864098 0.402419 -0.588273 0.129888 0.635921 -0.309258 -0.0240368 -0.614969 -0.396092 0.0296927 -0.0224948 -0.0942206 -0.113101 0.113903 0.0873655 -0.506399 0.572372 -0.277616 0.484633 0.580536 0.0116983 0.291739 0.337455 -0.501346 0.226798 0.326345 0.497931 -0.603384 
-0.443779 0.160071 0.0716098 0.186271 0.143823 -0.0895533 -0.439067 -0.448384 0.147285 0.0276196 0.044557 0.299054 0.377742 0.288927 0.153775 -0.304474 0.0480907 -0.0142424 -0.134578 0.155628 0.147061 0.297174 -0.00132327 0.0187304 0.824153 0.00568105 -0.220519 0.300544 0.0965763 -0.311824 -0.0261427 -0.176312 -0.282154 -0.00233933 -0.176888 -0.23273 -0.22002 -0.1239 -0.262876 -0.312909 0.327307 0.0738141 -0.159301 -0.298493 -0.412218 0.0730652 0.0277622 -0.0460872 -0.0252494 -0.102336 -0.0808739 -0.0957541 0.2784 -0.257291 0.591098 0.258852 -0.137317 -0.119656 -0.0491187 0.288696 0.251651 -0.168194 0.10441 -0.0189739 
0.274698 0.179077 -0.247471 0.0424812 -0.146014 -0.113834 -0.692337 -0.000724175 0.100709 0.255645 0.131102 0.113529 -0.109738 -0.69225 -0.322998 -1.25433 -0.543714 0.194075 -0.442185 0.712467 0.164514 0.236644 -0.20443 0.0526064 0.301364 0.0498 -0.00191068 -0.399543 -0.0684841 0.496737 -0.038999 0.214817 -0.0429306 0.374685 0.115358 0.289201 -0.322123 0.376048 -0.540182 -0.0638494 0.385 -0.056694 -0.188441 0.0514556 -0.0431641 -0.551928 -0.107341 -0.0396182 -0.00519333 0.26254 0.313015 -0.842136 0.446068 0.118021 0.486327 0.396549 0.067739 0.106385 0.475437 0.00823215 0.0702409 0.377882 0.00922253 -0.0914739 
-0.283031 -0.23075 -0.0735959 -0.272575 -0.0796155 0.111225 -0.45012 -0.0969466 -0.330438 0.0662285 0.323503 0.439437 0.185303 0.155976 -0.149561 -0.360516 0.0253347 0.343392 -0.5557 0.400612 0.271796 0.118222 -0.186263 0.086804 0.482889 0.449551 0.111904 -0.0449522 0.399459 -0.0244242 -0.119027 0.120564 -0.284279 0.0488838 -0.111319 -0.271507 -0.0749701 -0.0872706 -0.20262 0.000353468 0.0869184 0.0404846 -0.134191 -0.314157 -0.246394 -0.255604 -0.290557 0.175179 -0.149184 -0.128276 -0.00389836 -0.375607 0.51289 -0.0436192 0.654366 0.691609 -0.159635 -0.134977 0.0681673 0.0387192 0.190828 -0.0388808 -0.058697 0.0201198 
-0.144734 -0.135313 -0.258736 -0.183789 0.126624 -0.342003 -0.982364 -0.511577 0.0826734 0.561931 -0.0372221 0.506624 -0.0191912 -0.678611 -0.311426 -1.49677 -0.633161 0.175863 -0.451774 0.631316 0.511024 0.564376 0.223929 0.416582 1.14749 0.293153 -0.194404 -0.172458 0.217374 0.123129 0.135844 0.359641 -0.406699 0.00792146 -0.195449 0.09359 -0.240894 0.424405 -0.959126 0.24098 1.10642 0.0133059 -0.0396995 -0.44229 -0.566228 -0.154574 -0.431743 -0.271155 -0.147854 -0.114341 0.14062 -0.74188 0.959052 -0.390495 0.852564 0.837743 0.0371943 -0.0543867 0.350223 -0.0022616 0.252705 0.0735102 0.522872 -0.349444 
-0.28445 -0.189116 0.0131105 0.0151637 0.300107 0.0961478 0.0841606 0.0355418 -0.0456593 -0.266928 0.421325 -0.136014 0.321865 0.847501 -0.0389824 0.368727 0.543122 0.84592 -0.126089 0.043524 -0.159326 -0.157803 -0.126341 -0.266332 0.305368 0.304044 0.44876 0.726569 0.731292 0.112254 -0.112995 -0.45893 -0.112083 -0.0553752 -0.51383 -0.412996 0.402042 0.219298 0.491841 -0.409379 -0.422194 -0.347789 -0.0749084 -0.859618 -0.468092 -0.141063 0.128121 0.382758 -0.602196 -0.385373 -0.257354 -0.0425932 0.0439089 -0.11042 0.131833 0.0455823 -0.582621 0.278381 0.104719 -0.715666 -0.0404553 -0.155008 0.310523 0.0556819 
0.044652 0.0210827 -0.106968 -0.224312 0.0287309 0.114964 0.308877 0.343533 -0.216656 -0.28677 0.332288 -0.249798 -0.0412285 0.608169 -0.0953894 0.460719 0.591649 0.154899 -0.0532799 -0.0915995 -0.350753 -0.0869119 -0.421683 -0.364379 -0.161915 0.108709 0.170245 0.247513 0.406585 -0.0202384 -0.0921436 0.0474116 0.0657926 0.227687 -0.190314 -0.047426 0.081656 -0.113224 0.544916 -0.212841 -0.667288 -0.180564 -0.0204484 -0.118507 -0.110625 -0.350055 0.299727 0.354836 0.0474757 0.0226319 0.0839947 0.102274 -0.60745 0.225471 -0.313851 0.0350743 -0.180243 0.222882 0.0754568 -0.197034 0.166783 -0.0991065 -0.211689 -0.0503402 
0.229406 -0.000592609 0.453528 0.512016 0.0720425 0.27072 0.488645 -0.509391 0.418221 -0.809217 -0.141242 0.110876 0.393771 0.584203 0.846742 0.436942 0.292394 -0.221147 0.45073 -0.383324 0.561078 -0.454033 -0.157794 -0.196088 0.174198 -0.508477 -0.176514 0.637468 0.105035 -0.0862678 0.124246 -0.27159 -0.0257227 -0.516543 -0.106947 -0.159769 -0.119845 -0.047955 -0.191858 -0.419772 -0.000628241 0.0868284 0.222753 -0.302843 -0.168603 0.762231 0.0782452 0.00410155 0.198633 -0.382242 0.085819 0.351325 0.393082 -0.593055 -0.311545 -0.430046 -0.197296 0.175431 -0.509785 -0.363256 -0.359867 -0.357712 0.243113 -0.194838 
-0.276539 -0.40099 0.307752 0.0253778 -0.33987 0.0850906 0.287517 0.138243 -0.0260714 -0.296989 -0.436276 0.202319 -0.16432 0.365528 0.631034 0.761291 0.365511 -0.318074 0.30934 -0.791485 -0.0166621 -0.0347624 0.14861 0.119448 -0.465778 0.0159874 -0.114475 0.169453 -0.213597 -0.565341 0.0727437 -0.29825 0.25765 -0.128353 -0.073382 -0.0255087 -0.126379 -0.42454 0.531913 0.21825 -0.185564 0.474228 0.13822 0.447153 0.00920694 0.565305 0.110163 -0.190293 0.417481 -0.362714 -0.044956 0.781069 -0.570473 -0.0438873 -0.332542 -0.362602 0.394831 -0.356419 -0.700264 0.338817 -0.298258 -0.0282303 -0.0733756 0.385955 
-0.184603 0.197432 -0.0592133 0.159844 0.00216996 0.016296 -0.175876 -0.449743 0.0604224 -0.00517718 -0.0220914 0.188395 0.393663 -0.0562432 0.0359064 -0.214986 -0.163634 0.389182 0.131464 0.0728416 0.11524 0.135682 0.30273 -0.0231201 0.483215 -0.0567039 -0.0677368 0.365389 0.0548323 0.00366006 -0.0586709 -0.282558 -0.357204 -0.09049 -0.0620263 -0.145462 0.0980562 0.143302 -0.330551 -0.039954 0.219427 -0.181555 -0.088749 -0.268374 -0.211894 0.0172081 0.182796 0.0912094 -0.0316297 -0.22103 -0.526705 -0.125481 0.219231 0.0443535 0.426579 0.0349346 -0.390504 0.0854592 0.0411568 -0.271772 0.134081 -0.0880924 0.377001 0.0250661 
0.123361 0.0632094 0.293791 -0.0141107 -0.0111488 -0.15734 -0.0012743 -0.0885025 0.179381 -0.332245 -0.364849 0.0732713 -0.238004 -0.0964033 0.427269 0.236153 0.0284833 -0.331519 0.408266 -0.0719004 0.403152 0.196338 0.222696 0.167557 -0.0521333 -0.179369 -0.213256 0.193787 -0.29814 -0.126851 -0.0522925 -0.102539 0.0816989 -0.351575 -0.0943101 0.284276 -0.144694 -0.0606251 0.0463209 -0.118146 0.258754 0.288227 0.123002 0.199192 -0.0634707 0.649865 0.117361 -0.242189 0.124912 -0.117041 0.0292865 0.390074 0.216115 -0.468364 -0.257318 -0.269904 0.0700784 -0.28676 -0.486966 0.0105541 -0.226472 -0.0737775 0.0159024 0.0872295 
